54
6347
89
9
0
0
9
4
43
23
24
3
436
54
656
77
6
456
437
9
780
54
6347
89
9
0
0
9
4
43
23
24
3
436
54
656
77
6
456
437
9
780
54
634754
6347
89
9
0
0
9
4
43
23
24
3
436
54
656
77
6
456
437
9
780
54
6347
89
9
0
0
9
4
43
23
24
3
436
54
656
77
6
456
437
9
780
54
634754
6347
89
9
0
0
9
4
43
23
24
3
436
54
656
77
6
456
437
9
780
54
6347
89
9
0
0
9
4
43
23
24
3
436
54
656
77
6
456
437
9
780
54
634754
6347
89
9
0
0
9
4
43
23
24
3
436
54
656
77
6
456
437
9
780
54
6347
89
9
0
0
9
4
43
23
24
3
436
54
656
77
6
456
437
9
780
54
634754
6347
89
9
0
0
9
4
43
23
24
3
436
54
656
77
6
456
437
9
780
54
6347
89
9
0
0
9
4
43
23
24
3
436
54
656
77
6
456
437
9
780
54
634754
6347
89
9
0
0
9
4
43
23
24
3
436
54
656
77
6
456
437
9
780
54
6347
89
9
0
0
9
4
43
23
24
3
436
54
656
77
6
456
437
9
780
54
634754
6347
89
9
0
0
9
4
43
23
24
3
436
54
656
77
6
456
437
9
780
54
6347
89
9
0
0
9
4
43
23
24
3
436
54
656
77
6
456
437
9
780
54
634754
6347
89
9
0
0
9
4
43
23
24
3
436
54
656
77
6
456
437
9
780
54
6347
89
9
0
0
9
4
43
23
24
3
436
54
656
77
6
456
437
9
780
54
634754
6347
89
9
0
0
9
4
43
23
24
3
436
54
656
77
6
456
437
9
780
54
6347
89
9
0
0
9
4
43
23
24
3
436
54
656
77
6
456
437
9
780
54
634754
6347
89
9
0
0
9
4
43
23
24
3
436
54
656
77
6
456
437
9
780
54
6347
89
9
0
0
9
4
43
23
24
3
436
54
656
77
6
456
437
9
780
54
634754
6347
89
9
0
0
9
4
43
23
24
3
436
54
656
77
6
456
437
9
780
54
6347
89
9
0
0
9
4
43
23
24
3
436
54
656
77
6
456
437
9
780
54
634754
6347
89
9
0
0
9
4
43
23
24
3
436
54
656
77
6
456
437
9
780
54
6347
89
9
0
0
9
4
43
23
24
3
436
54
656
77
6
456
437
9
780
54
634754
6347
89
9
0
0
9
4
43
23
24
3
436
54
656
77
6
456
437
9
780
54
6347
89
9
0
0
9
4
43
23
24
3
436
54
656
77
6
456
437
9
780
54
6347